288 29 86 274 

67 27 88 269 

71 28 88 285 

277 26 83 272 

68 28 89 270 

143 26 134 143 

195 27 278 200 

72 29 84 72 

300 28 235 364 

146 208 208 64 

74 28 231 87 

68 28 69 274 

72 28 71 89 

154 28 69 276 

136 27 91 259 

133 26 91 275 

71 29 72 91 

69 28 72 69 

149 28 89 90 

292 27 68 276 

77 28 85 306 

152 29 246 90 

147 28 95 278 

153 27 68 276 

130 27 90 86 

167 27 101 295 

66 26 224 123 

283 28 66 265 

155 29 93 93 

142 26 68 272 

162 28 236 289 

238 24 98 217 

73 29 72 91 

74 29 243 300 

72 27 240 82 

281 28 85 272 

137 27 90 280 

269 29 95 278 

160 30 69 279 

158 29 238 275 

288 29 66 264 

146 29 97 93 

71 29 247 284 

287 25 209 276 

279 26 67 84 

153 92 74 295 

140 29 96 287 

142 28 94 289 

303 29 246 92 

76 30 84 75 

299 27 89 90 

70 29 71 279 

285 26 65 270 

145 29 97 277 

287 28 94 267 

68 26 69 275 

291 25 71 281 

148 28 235 279 

71 28 70 287 

324 28 230 69 

74 30 90 293 

134 27 90 268 

73 30 249 73 

140 26 67 268 

15 17 15 15 

22 22 20 18 

25 21 21 21 

23 27 27 18 

25 25 25 25 

24 21 20 39 

19 19 94 31 

0 80 22 16 

20 65 65 20 

21 21 148 21 

19 19 19 19 

15 16 17 21 

23 23 24 23 

50 149 148 48 

47 47 47 95 

60 28 55 27 

20 20 20 20 

20 0 21 0 

18 18 18 18 

20 20 20 20 

48 144 146 48 

46 46 46 93 

56 27 56 28 

24 24 20 23 

56 27 33 28 

41 46 38 87 

46 139 139 46 

17 21 16 20 

23 24 23 23 

50 28 57 28 

51 29 34 53 

55 28 55 27 

57 28 56 28 

56 28 55 56 

17 17 31 17 

19 18 16 21 

22 22 22 22 

21 21 21 15 

51 152 152 51 

48 149 149 48 

52 160 155 53 

132 137 138 47 

47 141 142 47 

49 148 149 49 

48 143 145 48 

46 140 141 47 

46 138 138 46 

45 30 169 30 

47 140 140 46 

48 147 36 29 

137 138 115 46 

49 146 147 49 

50 150 150 50 

49 150 147 48 

46 140 140 47 

48 144 146 48 

48 142 143 48 

49 147 147 49 

50 151 151 50 

141 142 147 49 

50 29 152 29 

50 148 149 29 

47 144 145 47 

47 140 141 47 

46 24 23 22 

50 151 152 51 

47 140 140 47 

46 139 140 47 

48 143 143 48 

47 142 143 48 

49 147 147 50 

49 147 148 49 

52 156 156 31 

28 28 29 29 

49 146 148 49 

49 149 148 51 

48 143 144 48 

46 140 139 46 

30 29 29 29 

28 139 139 28 

48 30 148 29 

48 145 144 28 

49 147 147 49 

46 140 139 47 

45 137 137 46 

48 143 144 47 

48 145 145 48 

28 31 30 30 

46 137 137 46 

50 150 150 49 

46 136 136 45 

49 148 149 50 

48 144 143 48 

48 146 146 48 

47 143 146 47 

47 142 142 47 

48 143 144 47 

47 145 145 49 

48 143 146 48 

47 142 142 47 

23 23 23 23 

47 143 142 47 

50 148 150 49 

45 137 137 46 

47 142 143 48 

50 150 150 47 

48 148 148 49 

47 139 139 46 

47 140 141 48 

47 28 28 28 

49 147 148 49 

49 152 150 49 

49 165 164 49 

51 29 29 29 

47 143 145 48 

47 143 142 28 

47 142 142 48 

48 144 145 48 

23 23 23 23 

49 147 147 49 

45 137 136 46 

47 142 141 47 

27 28 27 27 

48 148 147 49 

48 28 146 29 

48 147 147 48 

51 153 151 51 

48 144 146 49 

47 143 143 48 

50 152 155 50 

48 143 145 47 

50 149 151 49 

48 145 148 49 

49 29 29 30 

48 144 143 47 

27 29 29 30 

49 146 146 48 

47 141 142 47 

46 138 139 46 

48 143 146 29 

51 155 159 52 

49 145 145 49 

49 149 150 50 

48 143 144 47 

47 141 141 48 

47 139 139 46 

47 141 141 47 

49 147 145 47 

49 149 150 49 

47 142 142 47 

47 28 140 28 

48 146 145 49 

47 147 146 49 

51 153 154 51 

30 31 31 32 

49 148 150 49 

48 143 142 47 

47 142 144 48 

46 140 140 47 

47 145 144 48 

52 30 156 30 

47 142 142 48 

47 141 140 47 

46 139 138 46 

49 145 146 28 

42 128 128 43 

49 149 150 50 

51 153 153 52 

49 29 30 29 

50 149 150 49 

47 141 140 47 

45 137 136 45 

48 145 145 49 

48 148 147 49 

46 138 139 47 

48 144 144 48 

47 158 157 48 

45 27 27 27 

25 26 139 26 

36 138 138 27 

45 135 133 46 

48 137 145 49 

45 136 136 45 

49 147 148 49 

46 140 140 47 

47 140 142 47 

47 30 141 30 

48 146 59 49 

46 26 141 25 

44 134 134 45 

48 143 143 48 

48 143 144 49 

47 145 145 48 

45 27 26 27 

49 146 146 48 

46 140 140 47 

47 143 143 47 

49 150 150 50 

47 28 142 28 

48 158 157 47 

43 131 130 43 

30 30 30 30 

46 140 139 47 

48 146 145 48 

48 145 146 49 

47 138 142 46 

47 141 142 48 

49 152 149 50 

47 141 141 47 

53 160 158 53 

48 145 146 49 

48 147 149 50 

27 28 142 28 

48 145 144 48 

24 23 23 23 

49 148 148 49 

49 146 146 49 

48 143 144 48 

49 149 150 50 

47 141 142 48 

46 140 140 46 

46 136 139 46 

146 151 153 48 

50 155 153 51 

47 140 141 47 

45 25 142 29 

47 139 138 47 

48 145 144 49 

48 145 146 49 

50 170 164 50 

48 149 144 49 

23 24 23 24 

47 140 142 47 

48 146 151 50 

51 152 154 50 

49 145 146 49 

23 23 23 24 

49 148 147 50 

30 30 30 30 

27 139 138 69 

21 18 93 19 

26 25 141 22 

20 211 227 20 

23 22 127 23 

26 26 144 27 

28 140 140 70 

22 136 135 22 

22 136 136 22 

21 24 23 22 

25 26 146 25 

20 20 140 20 

27 18 18 18 

157 239 72 71 

272 28 249 75 

166 145 164 135 

148 28 178 272 

148 28 142 284 

148 143 142 276 

145 28 171 285 

143 136 136 278 

144 99 129 172 

151 236 233 130 

150 28 90 277 

158 28 232 286 

143 132 132 267 

152 140 137 275 

305 29 244 273 

143 27 222 274 

136 146 145 287 

177 140 141 279 

113 147 147 270 

73 29 86 74 

151 147 147 293 

155 222 223 126 

143 143 143 266 

147 260 83 89 

150 234 143 272 

145 28 138 282 

152 29 71 287 

146 27 88 68 

155 146 146 262 

153 242 92 292 

144 224 224 122 

156 239 241 131 

139 145 144 287 

142 28 138 275 

150 29 74 299 

152 140 140 267 

151 148 140 278 

144 141 142 276 

148 223 69 124 

149 132 133 261 

295 29 72 76 

160 140 140 290 

163 29 149 298 

150 240 90 71 

146 28 95 144 

73 30 90 73 

145 98 98 116 

153 147 148 284 

141 239 239 122 

112 172 139 268 

138 201 201 177 

137 146 145 285 

151 238 68 122 

146 142 141 288 

141 222 223 127 

143 248 71 86 

67 29 91 269 

150 28 69 274 

147 221 221 120 

136 145 145 292 

70 30 249 87 

269 28 265 288 

159 139 160 280 

153 186 141 290 

69 27 229 87 

153 253 234 288 

69 28 70 73 

314 67 67 133 

296 70 70 131 

286 65 66 133 

307 72 70 136 

48 97 96 72 

48 23 97 72 

21 91 91 50 

34 18 18 62 

14 15 15 16 

46 21 91 68 

48 97 96 72 

20 20 20 21 

43 88 33 66 

46 93 93 70 

23 23 28 23 

47 94 94 71 

68 22 75 67 

33 25 118 43 

23 23 23 23 

16 20 16 16 

46 93 93 70 

48 23 98 72 

45 92 92 68 

16 19 15 15 

22 93 94 23 

47 95 95 71 

48 22 95 71 

45 23 86 68 

48 23 97 73 

47 95 95 71 

48 96 96 71 

44 90 92 69 

140 142 141 291 

135 131 132 265 

146 150 151 275 

140 147 147 297 

159 142 141 290 

136 49 163 137 

140 29 192 279 

149 180 180 286 

134 141 141 263 

151 237 237 112 

144 137 135 264 

177 237 237 268 

147 150 150 276 

139 153 152 283 

141 141 140 277 

144 242 241 125 

151 143 144 279 

142 138 138 261 

151 148 147 279 

143 224 220 169 

161 149 151 303 

157 148 148 281 

148 150 151 273 

137 147 146 296 

148 143 143 289 

147 144 144 280 

141 150 149 121 

148 25 209 272 

141 152 150 289 

144 143 145 283 

143 139 138 115 

148 138 138 283 

146 140 140 302 

152 137 137 273 

131 30 155 269 

145 147 147 276 

253 120 120 209 

144 227 229 123 

153 139 140 307 

241 133 133 210 

146 146 146 283 

152 142 142 295 

146 223 227 125 

146 146 147 267 

140 148 148 304 

148 144 144 285 

304 29 230 268 

139 153 152 270 

152 150 183 283 

143 147 148 279 

151 152 151 279 

235 120 119 183 

246 146 146 164 

149 95 94 140 

154 144 184 291 

137 139 139 271 

154 142 143 273 

152 27 234 292 

138 149 150 124 

160 140 139 279 

149 144 143 271 

120 272 272 222 

160 145 193 299 

134 149 149 268 

144 139 139 268 

131 146 146 297 

157 146 147 280 

153 145 144 279 

138 26 217 266 

316 97 243 303 

130 147 146 145 

250 136 136 167 

146 28 231 117 

0 222 222 124 

144 47 172 136 

146 142 142 279 

142 145 146 278 

151 152 151 294 

139 275 276 233 

148 236 237 114 

140 136 138 274 

139 26 134 281 

148 246 245 131 

146 129 129 216 

271 20 239 283 

132 29 144 274 

143 27 130 265 

141 91 91 137 

148 148 143 27 

152 142 142 275 

143 141 140 270 

132 134 137 249 

151 143 144 279 

151 148 148 266 

146 143 140 277 

161 140 140 286 

145 144 144 271 

156 289 289 279 

146 146 146 275 

184 145 139 286 

356 25 128 267 

143 170 170 136 

143 143 142 264 

155 144 145 284 

139 145 144 293 

155 146 146 282 

153 29 145 277 

141 141 144 275 

128 134 135 67 

151 140 140 276 

149 141 142 276 

138 145 145 283 

152 141 141 265 

148 139 136 271 

276 98 97 239 

134 27 90 267 

26 26 26 24 

70 70 69 25 

24 24 24 25 

25 70 26 26 

29 29 29 28 

24 25 24 24 

24 24 24 24 

27 27 27 28 

28 28 28 28 

27 27 27 28 

25 25 25 25 

25 23 25 24 

71 70 70 26 

23 23 23 22 

28 28 27 28 

25 25 25 24 

25 26 26 26 

23 23 23 23 

24 24 24 24 

24 24 25 24 

25 25 25 25 

24 24 24 23 

28 27 27 27 

26 26 26 26 

26 27 26 27 

25 25 25 25 

25 25 25 25 

24 25 24 24 

25 24 24 24 

14 27 27 28 

27 27 27 27 

70 70 71 25 

26 26 25 25 

24 24 24 24 

28 28 77 29 

25 24 25 24 

144 143 47 48 

50 29 29 30 

47 141 141 47 

46 140 140 47 

141 142 141 47 

47 139 140 46 

28 28 28 28 

21 21 21 21 

49 152 153 49 

48 142 143 47 

21 21 21 21 

21 21 21 21 

45 135 135 45 

21 21 21 21 

114 114 114 114 

45 137 138 47 

22 22 22 22 

50 152 148 47 

