400 33 129 408 

129 31 129 384 

129 33 129 408 

400 28 129 424 

129 32 129 408 

168 30 150 168 

240 32 360 288 

129 33 129 129 

400 31 304 448 

216 352 352 129 

129 32 328 129 

129 38 129 408 

129 32 129 129 

206 32 129 416 

257 32 120 360 

257 27 120 360 

129 32 129 129 

129 32 129 129 

196 32 129 129 

400 31 129 408 

129 31 129 408 

204 33 312 129 

256 37 120 408 

216 32 129 416 

257 30 120 129 

216 34 129 416 

129 32 288 160 

424 32 129 400 

208 36 129 129 

188 31 129 384 

196 32 352 416 

296 32 118 260 

129 35 129 129 

129 30 384 432 

129 28 316 129 

452 33 129 412 

257 29 120 384 

400 34 120 384 

196 36 129 416 

196 36 352 376 

400 33 129 408 

257 33 126 129 

129 32 336 448 

368 29 296 408 

416 32 129 129 

192 129 129 408 

257 36 120 376 

256 30 136 392 

432 34 304 129 

129 33 129 129 

400 31 129 129 

129 31 129 424 

416 34 129 376 

256 33 120 360 

392 31 120 392 

129 31 129 408 

400 31 129 408 

208 30 352 424 

129 35 129 408 

432 35 344 129 

129 30 129 416 

257 30 120 360 

129 35 352 129 

196 32 129 368 

22 22 22 22 

23 23 23 23 

27 22 22 22 

25 30 30 20 

28 28 28 28 

28 25 25 48 

20 20 120 40 

23 124 23 23 

23 72 72 23 

25 25 192 25 

24 24 24 24 

23 23 23 23 

27 27 27 27 

60 192 192 60 

54 54 54 108 

72 36 72 36 

20 20 20 20 

23 23 23 23 

20 20 20 20 

20 20 20 20 

54 192 192 54 

56 56 56 112 

75 38 75 38 

25 25 25 25 

78 39 45 39 

50 50 50 100 

54 192 192 54 

23 23 23 23 

25 25 25 25 

71 36 71 36 

71 36 37 72 

67 34 67 34 

72 38 76 38 

71 36 71 72 

20 20 40 20 

23 23 23 23 

25 25 25 25 

23 23 23 23 

60 192 192 64 

60 192 192 64 

64 192 192 64 

192 192 192 64 

60 192 192 64 

60 192 192 64 

60 192 192 64 

60 192 192 64 

60 192 192 64 

62 33 236 33 

60 192 192 64 

60 192 38 32 

192 192 192 64 

60 192 192 64 

60 192 192 64 

60 192 192 64 

60 192 192 64 

60 192 192 64 

60 192 192 64 

60 192 192 64 

60 192 192 64 

192 192 192 64 

60 33 192 33 

64 192 192 37 

60 192 192 64 

60 192 192 64 

60 28 25 28 

60 192 192 64 

60 192 192 64 

60 192 192 64 

60 192 192 64 

60 192 192 64 

60 192 192 64 

60 192 192 64 

60 192 192 36 

33 33 35 35 

60 192 192 64 

60 192 192 64 

60 192 192 64 

60 192 192 64 

32 32 32 32 

32 176 176 32 

60 32 192 32 

64 192 192 32 

60 192 192 64 

60 192 192 64 

60 192 192 64 

60 192 192 64 

60 192 192 64 

30 34 34 34 

60 192 192 64 

60 192 192 64 

60 192 192 64 

60 192 192 64 

60 192 192 64 

60 192 192 64 

60 192 192 64 

60 192 192 64 

60 192 192 64 

60 192 192 64 

60 192 192 64 

60 192 192 64 

25 25 25 25 

60 192 192 64 

60 192 192 64 

60 192 192 64 

60 192 192 64 

60 192 192 64 

60 192 192 64 

60 192 192 64 

60 192 192 64 

60 32 32 32 

60 192 192 64 

60 192 192 64 

60 208 208 60 

60 32 32 32 

60 192 192 64 

60 176 176 34 

60 192 192 64 

64 192 192 64 

25 27 25 25 

60 192 192 64 

60 192 192 64 

60 192 192 64 

30 30 30 30 

60 192 192 64 

60 32 192 32 

60 192 192 64 

60 192 192 64 

60 192 192 64 

60 192 192 64 

60 192 192 64 

60 192 192 64 

60 192 192 64 

60 192 192 64 

60 36 36 36 

60 192 192 64 

34 34 34 34 

60 192 192 64 

60 192 192 64 

60 192 192 64 

64 192 192 32 

60 192 192 64 

60 192 192 64 

60 192 192 64 

60 192 192 64 

60 192 192 60 

60 192 192 64 

60 192 192 64 

60 192 192 64 

60 192 192 64 

60 192 192 64 

60 30 192 30 

60 192 192 64 

60 192 192 64 

60 192 192 64 

35 34 34 38 

60 192 192 64 

60 192 192 64 

60 192 192 64 

60 192 192 64 

60 192 192 64 

60 32 192 32 

60 192 192 64 

60 192 192 64 

60 192 192 64 

64 192 192 32 

60 192 192 64 

60 192 192 64 

60 192 192 64 

60 32 32 32 

60 192 192 64 

60 192 192 64 

60 192 192 64 

60 192 192 64 

60 192 192 64 

60 192 192 64 

60 192 192 64 

60 192 192 64 

60 32 32 32 

32 32 192 32 

40 176 176 30 

60 192 192 64 

60 180 192 64 

60 192 192 64 

60 192 192 60 

60 192 192 64 

60 192 192 64 

60 35 192 35 

60 192 68 64 

60 32 192 32 

60 192 192 64 

60 192 192 64 

60 192 192 64 

60 192 192 64 

60 32 32 32 

60 192 192 64 

60 192 192 64 

60 192 192 64 

60 192 192 64 

60 32 192 32 

60 192 192 64 

60 192 192 64 

35 35 35 32 

60 192 192 60 

60 192 192 64 

60 192 192 64 

60 192 192 64 

60 192 192 64 

60 192 192 64 

60 192 192 64 

60 192 192 64 

60 192 192 64 

60 192 192 64 

33 33 192 33 

60 192 192 64 

27 27 27 27 

60 192 192 64 

60 192 192 64 

60 192 192 64 

60 192 192 64 

60 192 192 64 

60 192 192 64 

64 192 192 64 

192 192 192 64 

60 192 192 64 

60 192 192 64 

60 31 192 32 

60 192 192 64 

60 192 192 64 

60 192 192 64 

60 208 208 60 

60 192 192 64 

25 25 25 25 

60 192 192 64 

60 192 192 64 

60 192 192 64 

60 192 192 64 

27 27 27 27 

60 192 208 64 

32 32 32 32 

28 212 212 84 

25 22 126 22 

28 28 176 23 

20 232 316 20 

25 24 140 25 

28 28 160 28 

32 212 212 90 

27 182 182 27 

27 184 182 27 

26 28 28 26 

28 28 160 28 

23 23 212 23 

29 19 19 19 

216 392 129 129 

432 30 336 129 

256 178 240 188 

196 34 224 424 

196 34 214 392 

216 206 206 408 

176 32 264 376 

196 214 214 376 

216 156 256 256 

196 296 296 192 

216 33 129 416 

216 35 352 416 

180 182 182 376 

200 160 172 376 

400 31 328 408 

216 32 312 416 

208 184 184 432 

248 214 214 408 

196 214 214 408 

129 33 129 129 

220 196 196 400 

208 352 352 208 

196 214 214 360 

216 372 129 129 

216 392 216 416 

196 35 214 384 

216 35 129 416 

216 32 129 129 

220 218 218 432 

216 352 129 416 

208 340 340 184 

216 352 352 204 

200 196 196 384 

196 32 222 416 

216 35 129 448 

208 214 214 400 

220 202 256 432 

196 182 182 376 

208 352 129 184 

196 214 214 376 

400 31 129 129 

196 198 198 376 

208 36 226 432 

216 336 129 129 

256 34 132 257 

129 31 129 129 

216 162 162 180 

200 186 186 408 

208 352 352 208 

196 256 172 376 

257 288 288 256 

204 174 174 400 

216 352 129 208 

176 180 180 392 

208 352 352 208 

216 352 129 129 

129 32 129 408 

216 33 129 416 

192 328 328 176 

212 214 214 400 

129 33 304 129 

404 36 300 408 

212 194 256 432 

220 256 214 400 

129 31 320 129 

216 352 352 392 

129 32 129 129 

513 82 82 160 

514 82 82 160 

334 82 82 160 

513 82 82 160 

60 140 140 90 

66 23 132 99 

23 126 126 50 

48 27 27 100 

21 21 21 21 

58 21 136 86 

60 136 120 90 

28 28 28 28 

59 136 41 87 

54 136 136 81 

24 28 28 24 

62 138 138 93 

80 22 124 80 

36 26 120 44 

25 25 24 25 

25 23 25 25 

55 136 136 82 

60 23 120 90 

51 124 124 77 

24 20 24 24 

24 128 128 24 

58 130 130 86 

64 22 136 95 

65 23 136 97 

65 23 134 98 

63 130 130 94 

65 146 146 97 

57 136 136 85 

208 180 180 400 

196 176 176 376 

200 168 168 384 

188 182 182 408 

200 190 190 416 

172 54 210 172 

186 37 266 376 

200 242 242 408 

188 188 188 376 

208 352 352 188 

188 180 180 376 

222 296 296 376 

200 168 188 408 

208 206 210 432 

200 188 204 424 

208 352 352 208 

216 178 178 400 

188 172 172 376 

204 176 176 376 

216 288 288 256 

208 202 202 456 

200 184 184 440 

200 208 208 440 

168 180 180 392 

220 194 194 432 

200 192 192 424 

208 214 214 184 

216 31 352 416 

200 188 188 440 

220 200 200 408 

196 176 176 204 

200 164 164 376 

200 184 184 424 

196 190 190 376 

196 32 238 360 

212 200 200 432 

336 168 168 276 

208 292 308 168 

228 196 196 432 

320 176 176 276 

204 184 184 384 

200 184 184 392 

208 352 352 208 

200 180 180 376 

200 164 164 384 

212 188 188 392 

400 31 304 408 

200 196 196 440 

196 188 240 408 

196 208 208 376 

212 198 198 416 

320 168 168 276 

348 188 188 230 

204 136 136 196 

176 160 204 384 

192 198 198 384 

200 160 160 400 

216 31 332 392 

196 190 190 184 

196 214 214 376 

220 192 192 416 

174 400 400 376 

196 196 236 472 

196 198 198 392 

216 156 156 376 

192 176 176 400 

224 212 212 400 

216 192 192 440 

216 35 352 416 

392 120 304 408 

174 180 180 188 

348 192 192 230 

194 31 292 176 

192 352 352 180 

200 52 242 188 

196 214 214 376 

200 198 198 408 

220 208 208 440 

194 360 360 340 

208 352 352 208 

200 214 214 440 

168 34 188 368 

208 352 352 208 

180 190 190 320 

412 23 352 408 

196 30 214 376 

196 31 202 376 

196 132 132 208 

200 200 200 28 

196 214 214 408 

200 182 182 424 

200 156 156 376 

212 176 176 408 

208 196 196 408 

196 172 180 376 

216 200 200 432 

196 214 214 376 

204 376 376 416 

212 180 180 376 

216 194 214 456 

392 29 186 400 

196 222 222 188 

208 156 156 384 

208 196 196 400 

188 182 182 400 

200 176 176 408 

216 29 184 392 

220 156 156 376 

204 200 200 75 

200 204 204 376 

200 192 192 384 

196 214 214 384 

220 194 194 432 

204 198 198 432 

352 110 110 312 

196 30 128 384 

27 27 27 27 

80 80 80 30 

27 27 27 27 

31 80 31 31 

30 30 30 30 

28 28 28 28 

27 27 27 27 

28 28 28 28 

30 30 30 30 

28 28 28 28 

30 30 30 30 

27 27 27 27 

80 80 80 28 

27 27 27 27 

28 28 28 28 

27 27 27 27 

28 28 28 28 

27 27 27 27 

27 27 27 27 

27 27 27 27 

27 27 27 27 

30 30 30 30 

28 28 28 28 

30 30 30 30 

28 28 28 28 

27 27 27 27 

27 27 27 27 

25 25 25 25 

25 25 25 25 

15 29 29 29 

30 30 30 30 

80 80 80 30 

28 28 28 28 

27 27 27 27 

29 29 80 29 

27 27 27 27 

192 192 62 64 

60 32 32 32 

60 192 192 64 

60 192 192 64 

192 192 192 64 

60 192 192 64 

32 32 32 32 

24 24 24 24 

60 192 192 64 

60 192 192 64 

24 24 24 24 

23 23 23 23 

60 192 192 60 

23 23 23 23 

124 124 124 124 

60 192 192 64 

23 23 23 23 

60 192 187 64 

