00000:400 33 129 408 
00002:129 31 129 384 
00003:129 33 129 408 
00005:400 28 129 424 
00006:129 32 129 408 
00008:168 30 150 168 
00009:240 32 360 288 
00011:129 33 129 129 
00012:400 31 304 448 
00014:216 352 352 129 
00017:129 32 328 129 
00018:129 38 129 408 
00019:129 32 129 129 
00020:206 32 129 416 
00021:257 32 120 360 
00022:257 27 120 360 
00024:129 32 129 129 
00025:129 32 129 129 
00026:196 32 129 129 
00028:400 31 129 408 
00030:129 31 129 408 
00031:204 33 312 129 
00032:256 37 120 408 
00033:216 32 129 416 
00035:257 30 120 129 
00036:216 34 129 416 
00043:129 32 288 160 
00044:424 32 129 400 
00045:208 36 129 129 
00046:188 31 129 384 
00048:196 32 352 416 
00049:296 32 118 260 
00052:129 35 129 129 
00053:129 30 384 432 
00054:129 28 316 129 
00056:452 33 129 412 
00058:257 29 120 384 
00059:400 34 120 384 
00060:196 36 129 416 
00061:196 36 352 376 
00062:400 33 129 408 
00063:257 33 126 129 
00064:129 32 336 448 
00066:368 29 296 408 
00068:416 32 129 129 
00070:192 129 129 408 
00071:257 36 120 376 
00072:256 30 136 392 
00074:432 34 304 129 
00077:129 33 129 129 
00078:400 31 129 129 
00081:129 31 129 424 
00084:416 34 129 376 
00085:256 33 120 360 
00087:392 31 120 392 
00088:129 31 129 408 
00089:400 31 129 408 
00090:208 30 352 424 
00094:129 35 129 408 
00095:432 35 344 129 
00096:129 30 129 416 
00097:257 30 120 360 
00098:129 35 352 129 
00099:196 32 129 368 
00100:22 22 22 22 
00102:23 23 23 23 
00104:27 22 22 22 
00105:25 30 30 20 
00106:28 28 28 28 
00107:28 25 25 48 
00108:20 20 120 40 
00109:23 124 23 23 
00110:23 72 72 23 
00111:25 25 192 25 
00112:24 24 24 24 
00113:23 23 23 23 
00116:27 27 27 27 
00117:60 192 192 60 
00120:54 54 54 108 
00121:72 36 72 36 
00122:20 20 20 20 
00123:23 23 23 23 
00124:20 20 20 20 
00128:20 20 20 20 
00130:54 192 192 54 
00132:56 56 56 112 
00133:75 38 75 38 
00134:25 25 25 25 
00136:78 39 45 39 
00137:50 50 50 100 
00138:54 192 192 54 
00139:23 23 23 23 
00140:25 25 25 25 
00142:71 36 71 36 
00143:71 36 37 72 
00144:67 34 67 34 
00146:72 38 76 38 
00147:71 36 71 72 
00148:20 20 40 20 
00149:23 23 23 23 
00150:25 25 25 25 
00151:23 23 23 23 
00154:60 192 192 64 
00155:60 192 192 64 
00156:64 192 192 64 
00157:192 192 192 64 
00158:60 192 192 64 
00159:60 192 192 64 
00160:60 192 192 64 
00162:60 192 192 64 
00165:60 192 192 64 
00166:62 33 236 33 
00167:60 192 192 64 
00169:60 192 38 32 
00170:192 192 192 64 
00171:60 192 192 64 
00172:60 192 192 64 
00176:60 192 192 64 
00177:60 192 192 64 
00178:60 192 192 64 
00183:60 192 192 64 
00184:60 192 192 64 
00185:60 192 192 64 
00186:192 192 192 64 
00187:60 33 192 33 
00188:64 192 192 37 
00191:60 192 192 64 
00192:60 192 192 64 
00193:60 28 25 28 
00194:60 192 192 64 
00195:60 192 192 64 
00196:60 192 192 64 
00197:60 192 192 64 
00199:60 192 192 64 
00201:60 192 192 64 
00203:60 192 192 64 
00204:60 192 192 36 
00206:33 33 35 35 
00209:60 192 192 64 
00210:60 192 192 64 
00211:60 192 192 64 
00212:60 192 192 64 
00214:32 32 32 32 
00216:32 176 176 32 
00217:60 32 192 32 
00218:64 192 192 32 
00219:60 192 192 64 
00220:60 192 192 64 
00221:60 192 192 64 
00222:60 192 192 64 
00227:60 192 192 64 
00228:30 34 34 34 
00230:60 192 192 64 
00231:60 192 192 64 
00233:60 192 192 64 
00234:60 192 192 64 
00235:60 192 192 64 
00236:60 192 192 64 
00237:60 192 192 64 
00238:60 192 192 64 
00239:60 192 192 64 
00240:60 192 192 64 
00241:60 192 192 64 
00242:60 192 192 64 
00243:25 25 25 25 
00245:60 192 192 64 
00246:60 192 192 64 
00247:60 192 192 64 
00249:60 192 192 64 
00250:60 192 192 64 
00251:60 192 192 64 
00253:60 192 192 64 
00254:60 192 192 64 
00258:60 32 32 32 
00259:60 192 192 64 
00260:60 192 192 64 
00261:60 208 208 60 
00262:60 32 32 32 
00263:60 192 192 64 
00266:60 176 176 34 
00267:60 192 192 64 
00269:64 192 192 64 
00270:25 27 25 25 
00271:60 192 192 64 
00273:60 192 192 64 
00274:60 192 192 64 
00275:30 30 30 30 
00280:60 192 192 64 
00281:60 32 192 32 
00282:60 192 192 64 
00283:60 192 192 64 
00284:60 192 192 64 
00285:60 192 192 64 
00286:60 192 192 64 
00288:60 192 192 64 
00289:60 192 192 64 
00290:60 192 192 64 
00291:60 36 36 36 
00293:60 192 192 64 
00294:34 34 34 34 
00296:60 192 192 64 
00297:60 192 192 64 
00298:60 192 192 64 
00299:64 192 192 32 
00300:60 192 192 64 
00301:60 192 192 64 
00303:60 192 192 64 
00304:60 192 192 64 
00305:60 192 192 60 
00306:60 192 192 64 
00308:60 192 192 64 
00309:60 192 192 64 
00310:60 192 192 64 
00311:60 192 192 64 
00312:60 30 192 30 
00313:60 192 192 64 
00314:60 192 192 64 
00316:60 192 192 64 
00317:35 34 34 38 
00318:60 192 192 64 
00320:60 192 192 64 
00321:60 192 192 64 
00322:60 192 192 64 
00324:60 192 192 64 
00325:60 32 192 32 
00327:60 192 192 64 
00328:60 192 192 64 
00329:60 192 192 64 
00331:64 192 192 32 
00332:60 192 192 64 
00334:60 192 192 64 
00336:60 192 192 64 
00338:60 32 32 32 
00339:60 192 192 64 
00340:60 192 192 64 
00341:60 192 192 64 
00343:60 192 192 64 
00344:60 192 192 64 
00346:60 192 192 64 
00347:60 192 192 64 
00348:60 192 192 64 
00349:60 32 32 32 
00350:32 32 192 32 
00351:40 176 176 30 
00352:60 192 192 64 
00353:60 180 192 64 
00356:60 192 192 64 
00359:60 192 192 60 
00360:60 192 192 64 
00364:60 192 192 64 
00366:60 35 192 35 
00367:60 192 68 64 
00369:60 32 192 32 
00370:60 192 192 64 
00371:60 192 192 64 
00373:60 192 192 64 
00376:60 192 192 64 
00377:60 32 32 32 
00378:60 192 192 64 
00379:60 192 192 64 
00380:60 192 192 64 
00382:60 192 192 64 
00383:60 32 192 32 
00386:60 192 192 64 
00387:60 192 192 64 
00388:35 35 35 32 
00389:60 192 192 60 
00390:60 192 192 64 
00391:60 192 192 64 
00392:60 192 192 64 
00395:60 192 192 64 
00397:60 192 192 64 
00399:60 192 192 64 
00400:60 192 192 64 
00401:60 192 192 64 
00402:60 192 192 64 
00403:33 33 192 33 
00404:60 192 192 64 
00405:27 27 27 27 
00406:60 192 192 64 
00407:60 192 192 64 
00408:60 192 192 64 
00409:60 192 192 64 
00410:60 192 192 64 
00412:60 192 192 64 
00413:64 192 192 64 
00414:192 192 192 64 
00416:60 192 192 64 
00417:60 192 192 64 
00418:60 31 192 32 
00419:60 192 192 64 
00421:60 192 192 64 
00423:60 192 192 64 
00425:60 208 208 60 
00426:60 192 192 64 
00429:25 25 25 25 
00430:60 192 192 64 
00431:60 192 192 64 
00432:60 192 192 64 
00433:60 192 192 64 
00436:27 27 27 27 
00440:60 192 208 64 
00441:32 32 32 32 
00442:28 212 212 84 
00443:25 22 126 22 
00444:28 28 176 23 
00445:20 232 316 20 
00446:25 24 140 25 
00449:28 28 160 28 
00451:32 212 212 90 
00452:27 182 182 27 
00454:27 184 182 27 
00455:26 28 28 26 
00456:28 28 160 28 
00457:23 23 212 23 
00459:29 19 19 19 
00464:216 392 129 129 
00466:432 30 336 129 
00468:256 178 240 188 
00469:196 34 224 424 
00470:196 34 214 392 
00472:216 206 206 408 
00477:176 32 264 376 
00478:196 214 214 376 
00479:216 156 256 256 
00480:196 296 296 192 
00481:216 33 129 416 
00483:216 35 352 416 
00485:180 182 182 376 
00488:200 160 172 376 
00491:400 31 328 408 
00493:216 32 312 416 
00494:208 184 184 432 
00495:248 214 214 408 
00496:196 214 214 408 
00498:129 33 129 129 
00499:220 196 196 400 
00500:208 352 352 208 
00501:196 214 214 360 
00502:216 372 129 129 
00504:216 392 216 416 
00505:196 35 214 384 
00506:216 35 129 416 
00507:216 32 129 129 
00510:220 218 218 432 
00511:216 352 129 416 
00512:208 340 340 184 
00513:216 352 352 204 
00514:200 196 196 384 
00516:196 32 222 416 
00517:216 35 129 448 
00518:208 214 214 400 
00519:220 202 256 432 
00520:196 182 182 376 
00523:208 352 129 184 
00524:196 214 214 376 
00525:400 31 129 129 
00526:196 198 198 376 
00528:208 36 226 432 
00529:216 336 129 129 
00530:256 34 132 257 
00532:129 31 129 129 
00533:216 162 162 180 
00537:200 186 186 408 
00538:208 352 352 208 
00539:196 256 172 376 
00540:257 288 288 256 
00542:204 174 174 400 
00543:216 352 129 208 
00544:176 180 180 392 
00545:208 352 352 208 
00547:216 352 129 129 
00548:129 32 129 408 
00549:216 33 129 416 
00550:192 328 328 176 
00551:212 214 214 400 
00552:129 33 304 129 
00554:404 36 300 408 
00555:212 194 256 432 
00556:220 256 214 400 
00557:129 31 320 129 
00558:216 352 352 392 
00559:129 32 129 129 
00561:513 82 82 160 
00563:514 82 82 160 
00564:334 82 82 160 
00565:513 82 82 160 
00567:60 140 140 90 
00568:66 23 132 99 
00569:23 126 126 50 
00570:48 27 27 100 
00571:21 21 21 21 
00572:58 21 136 86 
00574:60 136 120 90 
00575:28 28 28 28 
00576:59 136 41 87 
00577:54 136 136 81 
00578:24 28 28 24 
00579:62 138 138 93 
00581:80 22 124 80 
00582:36 26 120 44 
00583:25 25 24 25 
00584:25 23 25 25 
00586:55 136 136 82 
00587:60 23 120 90 
00588:51 124 124 77 
00589:24 20 24 24 
00590:24 128 128 24 
00591:58 130 130 86 
00593:64 22 136 95 
00594:65 23 136 97 
00596:65 23 134 98 
00597:63 130 130 94 
00598:65 146 146 97 
00599:57 136 136 85 
00601:208 180 180 400 
00602:196 176 176 376 
00604:200 168 168 384 
00605:188 182 182 408 
00606:200 190 190 416 
00607:172 54 210 172 
00608:186 37 266 376 
00610:200 242 242 408 
00611:188 188 188 376 
00612:208 352 352 188 
00613:188 180 180 376 
00615:222 296 296 376 
00616:200 168 188 408 
00618:208 206 210 432 
00619:200 188 204 424 
00620:208 352 352 208 
00621:216 178 178 400 
00622:188 172 172 376 
00623:204 176 176 376 
00624:216 288 288 256 
00625:208 202 202 456 
00626:200 184 184 440 
00628:200 208 208 440 
00630:168 180 180 392 
00631:220 194 194 432 
00636:200 192 192 424 
00638:208 214 214 184 
00639:216 31 352 416 
00640:200 188 188 440 
00641:220 200 200 408 
00642:196 176 176 204 
00645:200 164 164 376 
00646:200 184 184 424 
00649:196 190 190 376 
00650:196 32 238 360 
00651:212 200 200 432 
00652:336 168 168 276 
00654:208 292 308 168 
00655:228 196 196 432 
00656:320 176 176 276 
00657:204 184 184 384 
00658:200 184 184 392 
00659:208 352 352 208 
00661:200 180 180 376 
00663:200 164 164 384 
00667:212 188 188 392 
00668:400 31 304 408 
00674:200 196 196 440 
00675:196 188 240 408 
00676:196 208 208 376 
00677:212 198 198 416 
00679:320 168 168 276 
00680:348 188 188 230 
00682:204 136 136 196 
00683:176 160 204 384 
00684:192 198 198 384 
00685:200 160 160 400 
00686:216 31 332 392 
00687:196 190 190 184 
00688:196 214 214 376 
00690:220 192 192 416 
00691:174 400 400 376 
00692:196 196 236 472 
00693:196 198 198 392 
00694:216 156 156 376 
00697:192 176 176 400 
00698:224 212 212 400 
00703:216 192 192 440 
00704:216 35 352 416 
00705:392 120 304 408 
00706:174 180 180 188 
00707:348 192 192 230 
00708:194 31 292 176 
00709:192 352 352 180 
00714:200 52 242 188 
00715:196 214 214 376 
00716:200 198 198 408 
00718:220 208 208 440 
00723:194 360 360 340 
00724:208 352 352 208 
00725:200 214 214 440 
00727:168 34 188 368 
00728:208 352 352 208 
00729:180 190 190 320 
00730:412 23 352 408 
00731:196 30 214 376 
00732:196 31 202 376 
00733:196 132 132 208 
00734:200 200 200 28 
00735:196 214 214 408 
00736:200 182 182 424 
00737:200 156 156 376 
00739:212 176 176 408 
00740:208 196 196 408 
00742:196 172 180 376 
00744:216 200 200 432 
00746:196 214 214 376 
00747:204 376 376 416 
00750:212 180 180 376 
00751:216 194 214 456 
00753:392 29 186 400 
00756:196 222 222 188 
00757:208 156 156 384 
00758:208 196 196 400 
00759:188 182 182 400 
00760:200 176 176 408 
00764:216 29 184 392 
00765:220 156 156 376 
00767:204 200 200 75 
00768:200 204 204 376 
00772:200 192 192 384 
00773:196 214 214 384 
00774:220 194 194 432 
00775:204 198 198 432 
00777:352 110 110 312 
00778:196 30 128 384 
00780:27 27 27 27 
00781:80 80 80 30 
00782:27 27 27 27 
00784:31 80 31 31 
00787:30 30 30 30 
00788:28 28 28 28 
00789:27 27 27 27 
00791:28 28 28 28 
00792:30 30 30 30 
00793:28 28 28 28 
00794:30 30 30 30 
00795:27 27 27 27 
00796:80 80 80 28 
00797:27 27 27 27 
00799:28 28 28 28 
00800:27 27 27 27 
00801:28 28 28 28 
00802:27 27 27 27 
00803:27 27 27 27 
00804:27 27 27 27 
00805:27 27 27 27 
00806:30 30 30 30 
00807:28 28 28 28 
00808:30 30 30 30 
00809:28 28 28 28 
00810:27 27 27 27 
00811:27 27 27 27 
00814:25 25 25 25 
00816:25 25 25 25 
00818:15 29 29 29 
00819:30 30 30 30 
00820:80 80 80 30 
00823:28 28 28 28 
00824:27 27 27 27 
00828:29 29 80 29 
00830:27 27 27 27 
00834:192 192 62 64 
00836:60 32 32 32 
00837:60 192 192 64 
00838:60 192 192 64 
00839:192 192 192 64 
00840:60 192 192 64 
00998:32 32 32 32 
00999:24 24 24 24 
01000:60 192 192 64 
01001:60 192 192 64 
01002:24 24 24 24 
01003:23 23 23 23 
01004:60 192 192 60 
01005:23 23 23 23 
01007:124 124 124 124 
01008:60 192 192 64 
01009:23 23 23 23 
01010:60 192 187 64 
00000:400 33 129 408 
00002:129 31 129 384 
00003:129 33 129 408 
00005:400 28 129 424 
00006:129 32 129 408 
00008:168 30 150 168 
00009:240 32 360 288 
00011:129 33 129 129 
00012:400 31 304 448 
00014:216 352 352 129 
00017:129 32 328 129 
00018:129 38 129 408 
00019:129 32 129 129 
00020:206 32 129 416 
00021:257 32 120 360 
00022:257 27 120 360 
00024:129 32 129 129 
00025:129 32 129 129 
00026:196 32 129 129 
00028:400 31 129 408 
00030:129 31 129 408 
00031:204 33 312 129 
00032:256 37 120 408 
00033:216 32 129 416 
00035:257 30 120 129 
00036:216 34 129 416 
00043:129 32 288 160 
00044:424 32 129 400 
00045:208 36 129 129 
00046:188 31 129 384 
00048:196 32 352 416 
00049:296 32 118 260 
00052:129 35 129 129 
00053:129 30 384 432 
00054:129 28 316 129 
00056:452 33 129 412 
00058:257 29 120 384 
00059:400 34 120 384 
00060:196 36 129 416 
00061:196 36 352 376 
00062:400 33 129 408 
00063:257 33 126 129 
00064:129 32 336 448 
00066:368 29 296 408 
00068:416 32 129 129 
00070:192 129 129 408 
00071:257 36 120 376 
00072:256 30 136 392 
00074:432 34 304 129 
00077:129 33 129 129 
00078:400 31 129 129 
00081:129 31 129 424 
00084:416 34 129 376 
00085:256 33 120 360 
00087:392 31 120 392 
00088:129 31 129 408 
00089:400 31 129 408 
00090:208 30 352 424 
00094:129 35 129 408 
00095:432 35 344 129 
00096:129 30 129 416 
00097:257 30 120 360 
00098:129 35 352 129 
00099:196 32 129 368 
00100:22 22 22 22 
00102:23 23 23 23 
00104:27 22 22 22 
00105:25 30 30 20 
00106:28 28 28 28 
00107:28 25 25 48 
00108:20 20 120 40 
00109:23 124 23 23 
00110:23 72 72 23 
00111:25 25 192 25 
00112:24 24 24 24 
00113:23 23 23 23 
00116:27 27 27 27 
00117:60 192 192 60 
00120:54 54 54 108 
00121:72 36 72 36 
00122:20 20 20 20 
00123:23 23 23 23 
00124:20 20 20 20 
00128:20 20 20 20 
00130:54 192 192 54 
00132:56 56 56 112 
00133:75 38 75 38 
00134:25 25 25 25 
00136:78 39 45 39 
00137:50 50 50 100 
00138:54 192 192 54 
00139:23 23 23 23 
00140:25 25 25 25 
00142:71 36 71 36 
00143:71 36 37 72 
00144:67 34 67 34 
00146:72 38 76 38 
00147:71 36 71 72 
00148:20 20 40 20 
00149:23 23 23 23 
00150:25 25 25 25 
00151:23 23 23 23 
00154:60 192 192 64 
00155:60 192 192 64 
00156:64 192 192 64 
00157:192 192 192 64 
00158:60 192 192 64 
00159:60 192 192 64 
00160:60 192 192 64 
00162:60 192 192 64 
00165:60 192 192 64 
00166:62 33 236 33 
00167:60 192 192 64 
00169:60 192 38 32 
00170:192 192 192 64 
00171:60 192 192 64 
00172:60 192 192 64 
00176:60 192 192 64 
00177:60 192 192 64 
00178:60 192 192 64 
00183:60 192 192 64 
00184:60 192 192 64 
00185:60 192 192 64 
00186:192 192 192 64 
00187:60 33 192 33 
00188:64 192 192 37 
00191:60 192 192 64 
00192:60 192 192 64 
00193:60 28 25 28 
00194:60 192 192 64 
00195:60 192 192 64 
00196:60 192 192 64 
00197:60 192 192 64 
00199:60 192 192 64 
00201:60 192 192 64 
00203:60 192 192 64 
00204:60 192 192 36 
00206:33 33 35 35 
00209:60 192 192 64 
00210:60 192 192 64 
00211:60 192 192 64 
00212:60 192 192 64 
00214:32 32 32 32 
00216:32 176 176 32 
00217:60 32 192 32 
00218:64 192 192 32 
00219:60 192 192 64 
00220:60 192 192 64 
00221:60 192 192 64 
00222:60 192 192 64 
00227:60 192 192 64 
00228:30 34 34 34 
00230:60 192 192 64 
00231:60 192 192 64 
00233:60 192 192 64 
00234:60 192 192 64 
00235:60 192 192 64 
00236:60 192 192 64 
00237:60 192 192 64 
00238:60 192 192 64 
00239:60 192 192 64 
00240:60 192 192 64 
00241:60 192 192 64 
00242:60 192 192 64 
00243:25 25 25 25 
00245:60 192 192 64 
00246:60 192 192 64 
00247:60 192 192 64 
00249:60 192 192 64 
00250:60 192 192 64 
00251:60 192 192 64 
00253:60 192 192 64 
00254:60 192 192 64 
00258:60 32 32 32 
00259:60 192 192 64 
00260:60 192 192 64 
00261:60 208 208 60 
00262:60 32 32 32 
00263:60 192 192 64 
00266:60 176 176 34 
00267:60 192 192 64 
00269:64 192 192 64 
00270:25 27 25 25 
00271:60 192 192 64 
00273:60 192 192 64 
00274:60 192 192 64 
00275:30 30 30 30 
00280:60 192 192 64 
00281:60 32 192 32 
00282:60 192 192 64 
00283:60 192 192 64 
00284:60 192 192 64 
00285:60 192 192 64 
00286:60 192 192 64 
00288:60 192 192 64 
00289:60 192 192 64 
00290:60 192 192 64 
00291:60 36 36 36 
00293:60 192 192 64 
00294:34 34 34 34 
00296:60 192 192 64 
00297:60 192 192 64 
00298:60 192 192 64 
00299:64 192 192 32 
00300:60 192 192 64 
00301:60 192 192 64 
00303:60 192 192 64 
00304:60 192 192 64 
00305:60 192 192 60 
00306:60 192 192 64 
00308:60 192 192 64 
00309:60 192 192 64 
00310:60 192 192 64 
00311:60 192 192 64 
00312:60 30 192 30 
00313:60 192 192 64 
00314:60 192 192 64 
00316:60 192 192 64 
00317:35 34 34 38 
00318:60 192 192 64 
00320:60 192 192 64 
00321:60 192 192 64 
00322:60 192 192 64 
00324:60 192 192 64 
00325:60 32 192 32 
00327:60 192 192 64 
00328:60 192 192 64 
00329:60 192 192 64 
00331:64 192 192 32 
00332:60 192 192 64 
00334:60 192 192 64 
00336:60 192 192 64 
00338:60 32 32 32 
00339:60 192 192 64 
00340:60 192 192 64 
00341:60 192 192 64 
00343:60 192 192 64 
00344:60 192 192 64 
00346:60 192 192 64 
00347:60 192 192 64 
00348:60 192 192 64 
00349:60 32 32 32 
00350:32 32 192 32 
00351:40 176 176 30 
00352:60 192 192 64 
00353:60 180 192 64 
00356:60 192 192 64 
00359:60 192 192 60 
00360:60 192 192 64 
00364:60 192 192 64 
00366:60 35 192 35 
00367:60 192 68 64 
00369:60 32 192 32 
00370:60 192 192 64 
00371:60 192 192 64 
00373:60 192 192 64 
00376:60 192 192 64 
00377:60 32 32 32 
00378:60 192 192 64 
00379:60 192 192 64 
00380:60 192 192 64 
00382:60 192 192 64 
00383:60 32 192 32 
00386:60 192 192 64 
00387:60 192 192 64 
00388:35 35 35 32 
00389:60 192 192 60 
00390:60 192 192 64 
00391:60 192 192 64 
00392:60 192 192 64 
00395:60 192 192 64 
00397:60 192 192 64 
00399:60 192 192 64 
00400:60 192 192 64 
00401:60 192 192 64 
00402:60 192 192 64 
00403:33 33 192 33 
00404:60 192 192 64 
00405:27 27 27 27 
00406:60 192 192 64 
00407:60 192 192 64 
00408:60 192 192 64 
00409:60 192 192 64 
00410:60 192 192 64 
00412:60 192 192 64 
00413:64 192 192 64 
00414:192 192 192 64 
00416:60 192 192 64 
00417:60 192 192 64 
00418:60 31 192 32 
00419:60 192 192 64 
00421:60 192 192 64 
00423:60 192 192 64 
00425:60 208 208 60 
00426:60 192 192 64 
00429:25 25 25 25 
00430:60 192 192 64 
00431:60 192 192 64 
00432:60 192 192 64 
00433:60 192 192 64 
00436:27 27 27 27 
00440:60 192 208 64 
00441:32 32 32 32 
00442:28 212 212 84 
00443:25 22 126 22 
00444:28 28 176 23 
00445:20 232 316 20 
00446:25 24 140 25 
00449:28 28 160 28 
00451:32 212 212 90 
00452:27 182 182 27 
00454:27 184 182 27 
00455:26 28 28 26 
00456:28 28 160 28 
00457:23 23 212 23 
00459:29 19 19 19 
00464:216 392 129 129 
00466:432 30 336 129 
00468:256 178 240 188 
00469:196 34 224 424 
00470:196 34 214 392 
00472:216 206 206 408 
00477:176 32 264 376 
00478:196 214 214 376 
00479:216 156 256 256 
00480:196 296 296 192 
00481:216 33 129 416 
00483:216 35 352 416 
00485:180 182 182 376 
00488:200 160 172 376 
00491:400 31 328 408 
00493:216 32 312 416 
00494:208 184 184 432 
00495:248 214 214 408 
00496:196 214 214 408 
00498:129 33 129 129 
00499:220 196 196 400 
00500:208 352 352 208 
00501:196 214 214 360 
00502:216 372 129 129 
00504:216 392 216 416 
00505:196 35 214 384 
00506:216 35 129 416 
00507:216 32 129 129 
00510:220 218 218 432 
00511:216 352 129 416 
00512:208 340 340 184 
00513:216 352 352 204 
00514:200 196 196 384 
00516:196 32 222 416 
00517:216 35 129 448 
00518:208 214 214 400 
00519:220 202 256 432 
00520:196 182 182 376 
00523:208 352 129 184 
00524:196 214 214 376 
00525:400 31 129 129 
00526:196 198 198 376 
00528:208 36 226 432 
00529:216 336 129 129 
00530:256 34 132 257 
00532:129 31 129 129 
00533:216 162 162 180 
00537:200 186 186 408 
00538:208 352 352 208 
00539:196 256 172 376 
00540:257 288 288 256 
00542:204 174 174 400 
00543:216 352 129 208 
00544:176 180 180 392 
00545:208 352 352 208 
00547:216 352 129 129 
00548:129 32 129 408 
00549:216 33 129 416 
00550:192 328 328 176 
00551:212 214 214 400 
00552:129 33 304 129 
00554:404 36 300 408 
00555:212 194 256 432 
00556:220 256 214 400 
00557:129 31 320 129 
00558:216 352 352 392 
00559:129 32 129 129 
00561:513 82 82 160 
00563:514 82 82 160 
00564:334 82 82 160 
00565:513 82 82 160 
00567:60 140 140 90 
00568:66 23 132 99 
00569:23 126 126 50 
00570:48 27 27 100 
00571:21 21 21 21 
00572:58 21 136 86 
00574:60 136 120 90 
00575:28 28 28 28 
00576:59 136 41 87 
00577:54 136 136 81 
00578:24 28 28 24 
00579:62 138 138 93 
00581:80 22 124 80 
00582:36 26 120 44 
00583:25 25 24 25 
00584:25 23 25 25 
00586:55 136 136 82 
00587:60 23 120 90 
00588:51 124 124 77 
00589:24 20 24 24 
00590:24 128 128 24 
00591:58 130 130 86 
00593:64 22 136 95 
00594:65 23 136 97 
00596:65 23 134 98 
00597:63 130 130 94 
00598:65 146 146 97 
00599:57 136 136 85 
00601:208 180 180 400 
00602:196 176 176 376 
00604:200 168 168 384 
00605:188 182 182 408 
00606:200 190 190 416 
00607:172 54 210 172 
00608:186 37 266 376 
00610:200 242 242 408 
00611:188 188 188 376 
00612:208 352 352 188 
00613:188 180 180 376 
00615:222 296 296 376 
00616:200 168 188 408 
00618:208 206 210 432 
00619:200 188 204 424 
00620:208 352 352 208 
00621:216 178 178 400 
00622:188 172 172 376 
00623:204 176 176 376 
00624:216 288 288 256 
00625:208 202 202 456 
00626:200 184 184 440 
00628:200 208 208 440 
00630:168 180 180 392 
00631:220 194 194 432 
00636:200 192 192 424 
00638:208 214 214 184 
00639:216 31 352 416 
00640:200 188 188 440 
00641:220 200 200 408 
00642:196 176 176 204 
00645:200 164 164 376 
00646:200 184 184 424 
00649:196 190 190 376 
00650:196 32 238 360 
00651:212 200 200 432 
00652:336 168 168 276 
00654:208 292 308 168 
00655:228 196 196 432 
00656:320 176 176 276 
00657:204 184 184 384 
00658:200 184 184 392 
00659:208 352 352 208 
00661:200 180 180 376 
00663:200 164 164 384 
00667:212 188 188 392 
00668:400 31 304 408 
00674:200 196 196 440 
00675:196 188 240 408 
00676:196 208 208 376 
00677:212 198 198 416 
00679:320 168 168 276 
00680:348 188 188 230 
00682:204 136 136 196 
00683:176 160 204 384 
00684:192 198 198 384 
00685:200 160 160 400 
00686:216 31 332 392 
00687:196 190 190 184 
00688:196 214 214 376 
00690:220 192 192 416 
00691:174 400 400 376 
00692:196 196 236 472 
00693:196 198 198 392 
00694:216 156 156 376 
00697:192 176 176 400 
00698:224 212 212 400 
00703:216 192 192 440 
00704:216 35 352 416 
00705:392 120 304 408 
00706:174 180 180 188 
00707:348 192 192 230 
00708:194 31 292 176 
00709:192 352 352 180 
00714:200 52 242 188 
00715:196 214 214 376 
00716:200 198 198 408 
00718:220 208 208 440 
00723:194 360 360 340 
00724:208 352 352 208 
00725:200 214 214 440 
00727:168 34 188 368 
00728:208 352 352 208 
00729:180 190 190 320 
00730:412 23 352 408 
00731:196 30 214 376 
00732:196 31 202 376 
00733:196 132 132 208 
00734:200 200 200 28 
00735:196 214 214 408 
00736:200 182 182 424 
00737:200 156 156 376 
00739:212 176 176 408 
00740:208 196 196 408 
00742:196 172 180 376 
00744:216 200 200 432 
00746:196 214 214 376 
00747:204 376 376 416 
00750:212 180 180 376 
00751:216 194 214 456 
00753:392 29 186 400 
00756:196 222 222 188 
00757:208 156 156 384 
00758:208 196 196 400 
00759:188 182 182 400 
00760:200 176 176 408 
00764:216 29 184 392 
00765:220 156 156 376 
00767:204 200 200 75 
00768:200 204 204 376 
00772:200 192 192 384 
00773:196 214 214 384 
00774:220 194 194 432 
00775:204 198 198 432 
00777:352 110 110 312 
00778:196 30 128 384 
00780:27 27 27 27 
00781:80 80 80 30 
00782:27 27 27 27 
00784:31 80 31 31 
00787:30 30 30 30 
00788:28 28 28 28 
00789:27 27 27 27 
00791:28 28 28 28 
00792:30 30 30 30 
00793:28 28 28 28 
00794:30 30 30 30 
00795:27 27 27 27 
00796:80 80 80 28 
00797:27 27 27 27 
00799:28 28 28 28 
00800:27 27 27 27 
00801:28 28 28 28 
00802:27 27 27 27 
00803:27 27 27 27 
00804:27 27 27 27 
00805:27 27 27 27 
00806:30 30 30 30 
00807:28 28 28 28 
00808:30 30 30 30 
00809:28 28 28 28 
00810:27 27 27 27 
00811:27 27 27 27 
00814:25 25 25 25 
00816:25 25 25 25 
00818:15 29 29 29 
00819:30 30 30 30 
00820:80 80 80 30 
00823:28 28 28 28 
00824:27 27 27 27 
00828:29 29 80 29 
00830:27 27 27 27 
00834:192 192 62 64 
00836:60 32 32 32 
00837:60 192 192 64 
00838:60 192 192 64 
00839:192 192 192 64 
00840:60 192 192 64 
00998:32 32 32 32 
00999:24 24 24 24 
01000:60 192 192 64 
01001:60 192 192 64 
01002:24 24 24 24 
01003:23 23 23 23 
01004:60 192 192 60 
01005:23 23 23 23 
01007:124 124 124 124 
01008:60 192 192 64 
01009:23 23 23 23 
01010:60 192 187 64 
