00000:287 29 86 274
00002:67 26 87 268
00003:71 28 87 282
00005:276 26 83 271
00006:68 28 89 269
00008:142 26 134 141
00009:194 27 276 198
00011:72 29 84 71
00012:299 28 234 362
00014:145 206 206 64
00017:74 28 228 87
00018:68 28 68 272
00019:72 28 71 88
00020:153 28 69 276
00021:135 27 89 257
00022:133 26 89 274
00024:70 28 70 91
00025:69 28 72 68
00026:149 28 89 90
00028:292 27 68 273
00030:77 28 85 306
00031:151 29 244 90
00032:145 28 94 277
00033:153 27 67 273
00035:130 27 88 86
00036:167 27 101 293
00043:66 26 220 123
00044:282 28 66 262
00045:155 29 93 93
00046:141 26 68 272
00048:160 28 234 287
00049:237 24 97 214
00052:72 29 71 90
00053:72 29 242 297
00054:72 27 238 82
00056:279 28 85 271
00058:137 27 89 277
00059:268 29 94 276
00060:160 30 69 277
00061:158 28 237 274
00062:286 29 66 262
00063:145 29 96 93
00064:71 29 245 283
00066:285 25 207 275
00068:277 26 67 82
00070:151 91 73 292
00071:139 29 95 285
00072:141 28 92 285
00074:303 29 245 92
00077:74 30 84 75
00078:296 27 89 89
00081:69 29 70 277
00084:283 26 65 268
00085:143 29 95 275
00087:286 28 91 267
00088:68 26 69 275
00089:291 25 70 279
00090:148 28 234 277
00094:71 28 70 285
00095:320 28 229 69
00096:73 30 89 291
00097:133 27 88 268
00098:73 30 247 73
00099:140 26 67 268
00100:15 16 15 15
00102:22 22 20 17
00104:25 21 21 21
00105:23 27 27 18
00106:25 24 25 25
00107:24 21 20 39
00108:19 19 94 31
00109:0 79 22 16
00110:20 65 64 20
00111:21 21 145 21
00112:19 19 19 19
00113:15 16 17 21
00116:23 23 24 23
00117:49 146 146 48
00120:46 46 46 93
00121:59 28 55 27
00122:20 20 20 20
00123:20 0 21 0
00124:18 18 18 18
00128:20 20 20 20
00130:48 142 143 48
00132:46 46 46 91
00133:56 27 56 27
00134:24 23 20 23
00136:55 27 32 27
00137:41 46 37 87
00138:46 139 139 46
00139:17 21 16 20
00140:22 24 23 22
00142:50 28 56 28
00143:51 28 33 53
00144:55 27 54 27
00146:57 28 56 28
00147:55 28 55 56
00148:16 16 31 16
00149:19 18 16 21
00150:22 22 22 22
00151:21 21 21 15
00154:50 151 150 51
00155:47 146 146 48
00156:52 157 153 52
00157:131 135 137 46
00158:46 138 138 46
00159:49 148 148 49
00160:47 142 143 48
00162:46 137 138 47
00165:45 135 135 45
00166:44 30 168 30
00167:45 136 136 45
00169:48 146 36 29
00170:137 138 115 46
00171:48 145 145 48
00172:50 148 148 50
00176:49 148 145 47
00177:46 138 138 47
00178:48 143 144 48
00183:47 141 141 48
00184:49 145 146 48
00185:49 148 148 49
00186:141 141 145 49
00187:50 29 152 29
00188:50 146 147 29
00191:47 143 143 47
00192:47 140 140 46
00193:46 23 23 22
00194:50 149 150 50
00195:46 137 138 46
00196:46 137 137 47
00197:48 142 142 48
00199:47 140 140 46
00201:48 145 145 48
00203:48 145 145 48
00204:52 154 154 31
00206:28 28 29 29
00209:49 144 145 48
00210:48 146 146 49
00211:48 143 142 48
00212:46 139 137 46
00214:30 29 29 29
00216:28 137 138 28
00217:48 30 146 29
00218:48 144 143 28
00219:48 144 144 48
00220:46 138 137 46
00221:44 133 132 45
00222:47 140 141 47
00227:48 142 143 48
00228:28 30 30 30
00230:45 135 135 45
00231:49 148 148 49
00233:44 133 134 45
00234:49 147 148 50
00235:46 141 141 47
00236:48 144 145 47
00237:47 143 146 47
00238:47 140 140 47
00239:48 141 142 47
00240:46 141 142 47
00241:48 142 144 48
00242:46 140 140 46
00243:23 22 23 23
00245:47 141 141 46
00246:49 145 148 48
00247:45 136 135 45
00249:47 141 141 47
00250:49 148 148 46
00251:48 145 146 48
00253:46 137 138 46
00254:47 137 139 46
00258:47 28 28 28
00259:49 146 146 49
00260:48 150 149 49
00261:48 161 160 48
00262:50 29 29 29
00263:47 143 145 48
00266:47 138 138 28
00267:45 137 137 46
00269:48 142 143 48
00270:23 23 23 23
00271:48 146 145 49
00273:44 132 131 44
00274:45 136 136 46
00275:26 27 26 26
00280:48 146 146 49
00281:48 27 144 28
00282:48 145 145 48
00283:50 151 150 51
00284:48 143 144 48
00285:47 140 141 47
00286:49 150 152 50
00288:48 142 144 47
00289:49 147 149 49
00290:48 144 148 49
00291:49 29 29 30
00293:46 140 141 47
00294:27 29 29 30
00296:48 144 144 48
00297:46 136 137 46
00298:45 138 138 46
00299:48 143 145 29
00300:50 153 157 50
00301:48 144 143 47
00303:49 146 148 49
00304:47 142 142 47
00305:46 139 138 47
00306:44 134 134 45
00308:46 138 138 47
00309:48 144 143 47
00310:49 147 147 48
00311:46 139 139 47
00312:47 28 140 28
00313:47 141 141 48
00314:47 146 146 48
00316:50 151 152 50
00317:30 31 31 31
00318:49 146 147 48
00320:47 141 142 47
00321:47 141 143 48
00322:46 139 139 46
00324:47 142 140 47
00325:50 30 152 30
00327:46 138 139 46
00328:46 137 138 46
00329:45 135 135 45
00331:47 142 142 28
00332:42 125 125 41
00334:49 148 148 49
00336:51 151 151 51
00338:48 29 29 29
00339:48 147 147 49
00340:47 139 139 47
00341:44 132 131 44
00343:48 143 143 47
00344:48 146 144 48
00346:45 137 136 45
00347:48 143 143 47
00348:47 158 157 47
00349:45 27 26 27
00350:25 26 138 26
00351:35 137 137 27
00352:45 134 131 45
00353:48 136 143 47
00356:44 133 134 45
00359:47 144 143 47
00360:46 138 138 47
00364:46 140 140 47
00366:46 29 139 30
00367:48 145 59 49
00369:46 26 139 25
00370:44 130 130 44
00371:47 140 140 46
00373:47 143 143 48
00376:47 143 143 47
00377:45 27 26 27
00378:49 145 145 48
00379:46 137 137 45
00380:47 140 141 47
00382:49 147 149 49
00383:47 28 140 28
00386:48 157 157 47
00387:42 129 128 43
00388:30 30 29 30
00389:46 138 137 47
00390:47 143 143 48
00391:48 143 144 47
00392:46 137 141 46
00395:47 140 140 46
00397:49 150 148 48
00399:47 138 139 47
00400:52 157 156 52
00401:48 144 144 48
00402:48 146 148 50
00403:27 28 140 28
00404:48 144 144 47
00405:24 23 23 23
00406:47 145 146 49
00407:48 144 144 48
00408:47 141 143 48
00409:49 148 148 50
00410:47 138 139 46
00412:46 138 138 46
00413:46 135 138 45
00414:144 149 151 48
00416:50 152 152 50
00417:46 137 137 47
00418:45 25 140 29
00419:45 137 137 47
00421:48 143 143 47
00423:48 143 144 49
00425:50 166 161 49
00426:48 147 142 49
00429:23 24 23 24
00430:46 138 138 46
00431:48 143 148 50
00432:50 150 151 50
00433:48 143 144 48
00436:23 23 23 23
00440:49 146 147 49
00441:30 30 29 30
00442:27 138 137 69
00443:21 18 93 19
00444:25 25 140 21
00445:20 210 225 20
00446:23 22 126 23
00449:26 26 143 26
00451:28 139 138 70
00452:22 134 134 22
00454:22 131 131 22
00455:21 24 23 22
00456:25 25 143 25
00457:20 20 139 20
00459:27 18 18 18
00464:157 238 72 71
00466:272 28 248 75
00468:164 145 163 134
00469:147 28 175 272
00470:146 28 140 282
00472:148 141 141 275
00477:144 28 170 285
00478:142 134 134 277
00479:143 98 129 171
00480:150 234 231 130
00481:149 28 88 274
00483:157 28 230 283
00485:143 130 130 267
00488:151 138 135 273
00491:304 29 242 271
00493:143 26 221 273
00494:134 144 144 286
00495:176 138 139 277
00496:113 145 146 270
00498:73 29 86 73
00499:149 146 147 293
00500:154 221 222 126
00501:142 141 142 265
00502:146 258 83 88
00504:150 231 141 269
00505:144 28 136 282
00506:152 29 71 286
00507:144 27 87 68
00510:154 142 142 262
00511:153 240 92 291
00512:143 221 222 121
00513:155 239 241 131
00514:139 145 143 284
00516:141 28 136 275
00517:149 29 74 298
00518:152 139 138 267
00519:150 145 138 275
00520:144 139 141 273
00523:146 221 68 124
00524:149 131 131 260
00525:295 29 72 76
00526:159 138 138 290
00528:162 29 147 298
00529:150 238 90 71
00530:146 28 94 143
00532:73 30 88 73
00533:144 98 97 115
00537:152 145 146 284
00538:141 238 237 121
00539:112 171 137 266
00540:138 199 199 177
00542:136 143 143 283
00543:151 236 67 121
00544:145 141 140 286
00545:140 222 223 127
00547:142 246 71 85
00548:67 29 91 267
00549:150 28 68 271
00550:147 220 221 120
00551:135 144 143 292
00552:70 30 249 87
00554:267 28 263 288
00555:158 137 158 276
00556:153 186 139 290
00557:68 27 228 87
00558:152 251 234 286
00559:69 28 69 72
00561:313 66 65 133
00563:292 68 68 130
00564:286 62 63 133
00565:305 71 70 136
00567:47 96 96 71
00568:47 23 96 70
00569:21 89 89 49
00570:34 18 18 60
00571:14 14 14 14
00572:44 21 89 67
00574:47 95 95 71
00575:20 20 20 21
00576:43 87 33 65
00577:46 92 92 69
00578:23 23 28 23
00579:47 93 94 70
00581:66 22 75 67
00582:33 25 118 42
00583:23 22 23 23
00584:16 20 16 16
00586:46 92 92 69
00587:46 23 95 70
00588:44 90 90 67
00589:14 19 15 15
00590:22 93 92 23
00591:46 93 93 69
00593:47 22 93 70
00594:45 22 85 66
00596:47 23 95 71
00597:47 94 94 71
00598:48 95 96 70
00599:43 90 90 68
00601:140 141 140 290
00602:135 128 129 263
00604:146 149 149 273
00605:140 146 145 296
00606:159 140 139 289
00607:136 48 162 136
00608:139 29 192 279
00610:149 178 179 286
00611:133 139 139 262
00612:151 235 235 112
00613:142 132 131 264
00615:177 237 237 268
00616:146 148 148 275
00618:139 151 150 281
00619:140 140 139 276
00620:144 241 239 125
00621:151 141 141 277
00622:141 137 137 260
00623:151 146 144 278
00624:143 220 218 167
00625:161 148 151 301
00626:156 148 148 281
00628:147 150 150 271
00630:137 146 143 295
00631:148 141 141 289
00636:147 142 143 280
00638:141 149 149 120
00639:148 25 208 271
00640:140 150 149 289
00641:144 142 143 283
00642:143 138 138 114
00645:148 135 135 283
00646:146 138 139 302
00649:151 135 135 272
00650:129 30 153 269
00651:144 145 145 275
00652:253 120 119 208
00654:144 226 228 123
00655:153 137 138 307
00656:240 133 133 209
00657:144 144 144 282
00658:152 140 140 294
00659:146 222 226 125
00661:145 146 146 266
00663:140 146 146 303
00667:147 140 141 285
00668:303 29 229 267
00674:139 151 151 269
00675:152 148 181 282
00676:142 147 147 278
00677:151 150 150 277
00679:234 120 119 183
00680:245 145 145 163
00682:149 94 94 139
00683:153 143 182 291
00684:136 137 137 270
00685:153 141 141 273
00686:151 27 234 292
00687:138 148 149 123
00688:159 138 138 279
00690:149 142 142 271
00691:120 269 268 218
00692:159 142 191 297
00693:132 147 147 268
00694:142 136 137 267
00697:131 145 145 294
00698:157 146 146 280
00703:152 144 144 279
00704:138 26 215 265
00705:315 96 242 303
00706:130 146 145 143
00707:249 136 136 165
00708:144 28 227 117
00709:0 220 220 123
00714:144 46 171 135
00715:146 141 140 278
00716:142 143 143 277
00718:151 150 149 293
00723:139 270 270 231
00724:147 236 235 114
00725:139 135 135 274
00727:139 26 130 281
00728:147 245 244 130
00729:145 128 127 213
00730:271 20 238 283
00731:131 29 141 274
00732:143 27 129 265
00733:140 90 90 137
00734:147 147 141 27
00735:151 140 140 273
00736:142 140 138 270
00737:131 133 135 248
00739:151 143 143 278
00740:151 147 147 264
00742:146 140 136 275
00744:159 138 138 284
00746:144 141 141 271
00747:154 285 285 277
00750:145 143 143 275
00751:184 144 139 284
00753:355 25 127 267
00756:143 169 168 135
00757:143 140 140 263
00758:155 142 143 283
00759:139 143 142 290
00760:154 145 145 281
00764:151 29 144 275
00765:141 140 142 274
00767:128 132 132 67
00768:151 139 138 276
00772:148 139 140 273
00773:138 143 143 282
00774:152 138 139 265
00775:147 138 134 271
00777:276 98 97 239
00778:134 26 88 267
00780:26 26 26 24
00781:70 70 69 25
00782:24 24 24 25
00784:25 70 26 26
00787:28 28 28 28
00788:24 25 24 24
00789:24 24 24 24
00791:27 26 26 26
00792:28 28 28 28
00793:27 27 27 28
00794:25 25 25 25
00795:24 22 24 23
00796:70 70 70 25
00797:22 22 23 22
00799:28 27 27 28
00800:25 25 25 24
00801:25 26 25 25
00802:23 23 23 23
00803:24 24 24 24
00804:23 23 24 23
00805:25 25 25 25
00806:24 24 24 23
00807:27 27 27 27
00808:26 26 26 26
00809:26 26 26 27
00810:25 25 25 25
00811:25 25 25 25
00814:24 24 24 24
00816:24 24 24 24
00818:14 27 27 28
00819:27 27 27 27
00820:69 69 69 25
00823:24 24 24 24
00824:24 24 24 24
00828:28 28 76 29
00830:25 24 25 24
00834:142 142 46 47
00836:49 29 29 30
00837:46 137 137 46
00838:46 139 139 46
00839:138 139 138 46
00840:46 138 140 46
00998:28 28 28 28
00999:21 21 21 21
01000:49 150 151 49
01001:47 141 141 47
01002:21 21 21 21
01003:21 21 20 21
01004:44 131 130 44
01005:20 20 20 20
01007:114 114 114 114
01008:45 135 136 45
01009:21 22 22 22
01010:50 149 145 47
