00000:287 29 86 274
00002:67 26 87 269
00003:71 28 87 283
00005:276 26 83 272
00006:68 28 89 270
00008:142 26 134 142
00009:195 27 277 198
00011:72 29 84 72
00012:300 28 235 364
00014:145 206 207 64
00017:74 28 230 87
00018:68 28 68 274
00019:72 28 71 88
00020:154 28 69 276
00021:135 27 90 259
00022:133 26 89 275
00024:71 29 70 91
00025:69 28 72 68
00026:149 28 89 90
00028:292 27 68 274
00030:77 28 85 306
00031:151 29 245 90
00032:147 28 95 278
00033:153 27 67 274
00035:130 27 89 86
00036:167 27 101 293
00043:66 26 222 123
00044:283 28 66 262
00045:155 29 93 93
00046:142 26 68 272
00048:160 28 236 288
00049:237 24 97 215
00052:72 29 71 90
00053:74 29 243 297
00054:72 27 240 82
00056:280 28 85 272
00058:137 27 89 277
00059:269 29 95 277
00060:160 30 69 278
00061:158 29 238 274
00062:287 29 66 263
00063:145 29 96 93
00064:71 29 245 284
00066:286 25 208 276
00068:278 26 67 83
00070:152 91 74 294
00071:140 29 96 286
00072:141 28 93 287
00074:303 29 245 92
00077:75 30 84 75
00078:297 27 89 89
00081:69 29 70 277
00084:283 26 65 268
00085:144 29 95 275
00087:286 28 93 267
00088:68 26 69 275
00089:291 25 71 281
00090:148 28 235 277
00094:71 28 70 287
00095:320 28 229 69
00096:74 30 89 292
00097:134 27 89 268
00098:73 30 248 73
00099:140 26 67 268
00100:15 17 15 15
00102:22 22 20 17
00104:25 21 21 21
00105:23 27 27 18
00106:25 24 25 25
00107:24 21 20 39
00108:19 19 94 31
00109:0 79 22 16
00110:20 65 64 20
00111:21 21 147 21
00112:19 19 19 19
00113:15 16 17 21
00116:23 23 24 23
00117:49 146 147 48
00120:46 46 46 93
00121:59 28 55 27
00122:20 20 20 20
00123:20 0 21 0
00124:18 18 18 18
00128:20 20 20 20
00130:48 143 144 48
00132:46 46 46 92
00133:56 27 56 28
00134:24 24 20 23
00136:56 27 32 27
00137:41 46 37 87
00138:46 139 139 46
00139:17 21 16 20
00140:22 24 23 22
00142:50 28 56 28
00143:51 28 33 53
00144:55 27 55 27
00146:57 28 56 28
00147:56 28 55 56
00148:17 16 31 16
00149:19 18 16 21
00150:22 22 22 22
00151:21 21 21 15
00154:50 151 151 51
00155:47 147 147 48
00156:52 158 153 52
00157:131 136 137 47
00158:47 138 140 46
00159:49 148 148 49
00160:47 143 143 48
00162:46 140 140 47
00165:45 137 136 45
00166:44 30 168 30
00167:46 137 137 46
00169:48 147 36 29
00170:137 138 115 46
00171:48 146 145 48
00172:50 149 149 50
00176:49 148 145 47
00177:46 139 138 47
00178:48 143 144 48
00183:47 142 141 48
00184:49 145 147 49
00185:49 149 150 49
00186:141 141 145 49
00187:50 29 152 29
00188:50 147 147 29
00191:47 143 144 47
00192:47 140 141 47
00193:46 23 23 22
00194:50 150 150 50
00195:46 138 138 46
00196:46 138 139 47
00197:48 142 142 48
00199:47 141 141 47
00201:48 145 145 49
00203:48 145 146 48
00204:52 154 154 31
00206:28 28 29 29
00209:49 145 145 48
00210:49 147 146 50
00211:48 143 142 48
00212:46 139 139 46
00214:30 29 29 29
00216:28 138 138 28
00217:48 30 146 29
00218:48 144 144 28
00219:48 145 145 48
00220:46 138 138 46
00221:45 135 135 45
00222:47 142 142 47
00227:48 143 143 48
00228:28 30 30 30
00230:46 136 136 46
00231:49 148 148 49
00233:45 134 135 45
00234:49 148 148 50
00235:48 142 142 47
00236:48 144 145 48
00237:47 143 146 47
00238:47 142 142 47
00239:48 141 143 47
00240:47 143 144 47
00241:48 143 146 48
00242:46 140 140 46
00243:23 22 23 23
00245:47 141 141 46
00246:49 146 149 49
00247:45 136 136 45
00249:47 141 142 47
00250:49 148 148 46
00251:48 146 146 48
00253:46 138 139 46
00254:47 140 140 46
00258:47 28 28 28
00259:49 146 146 49
00260:49 152 149 49
00261:49 162 162 48
00262:51 29 29 29
00263:47 143 145 48
00266:47 140 140 28
00267:46 140 139 47
00269:48 143 143 48
00270:23 23 23 23
00271:49 147 147 49
00273:45 133 132 45
00274:45 137 137 46
00275:26 27 26 26
00280:48 148 146 49
00281:48 27 145 29
00282:48 146 146 48
00283:50 151 150 51
00284:48 143 145 48
00285:47 141 141 47
00286:50 150 153 50
00288:48 142 144 47
00289:49 148 150 49
00290:48 144 148 49
00291:49 29 29 30
00293:47 142 143 47
00294:27 29 29 30
00296:48 144 145 48
00297:47 140 140 46
00298:46 138 139 46
00299:48 143 146 29
00300:50 153 158 50
00301:48 144 144 48
00303:49 148 148 50
00304:47 142 143 47
00305:46 139 140 48
00306:45 136 136 46
00308:46 139 139 47
00309:49 145 144 47
00310:49 147 148 48
00311:46 140 140 47
00312:47 28 140 28
00313:47 142 142 48
00314:47 147 146 49
00316:50 151 153 50
00317:30 31 31 31
00318:49 146 148 49
00320:48 142 142 47
00321:47 142 143 48
00322:46 139 140 46
00324:47 142 142 48
00325:52 30 153 30
00327:47 140 140 48
00328:46 140 139 46
00329:45 136 137 46
00331:48 143 144 28
00332:42 126 127 43
00334:49 148 148 49
00336:51 153 153 51
00338:49 29 30 29
00339:48 147 147 49
00340:47 141 140 47
00341:45 134 135 45
00343:48 143 143 47
00344:48 146 145 49
00346:46 138 137 46
00347:48 143 143 47
00348:47 158 157 47
00349:45 27 27 27
00350:25 26 138 26
00351:36 137 137 27
00352:45 134 131 46
00353:48 136 144 48
00356:45 135 135 45
00359:49 144 145 48
00360:46 138 138 47
00364:47 140 140 47
00366:46 30 140 30
00367:48 145 59 49
00369:46 26 140 25
00370:44 132 132 44
00371:48 142 142 47
00373:48 143 144 49
00376:47 145 144 48
00377:45 27 26 27
00378:49 145 145 48
00379:46 138 138 46
00380:47 141 142 47
00382:49 148 149 49
00383:47 28 141 28
00386:48 157 157 47
00387:42 129 128 43
00388:30 30 29 30
00389:46 139 138 47
00390:47 144 144 48
00391:48 144 144 48
00392:46 138 141 46
00395:47 140 140 46
00397:49 150 148 49
00399:47 140 139 47
00400:52 158 157 52
00401:48 144 145 48
00402:48 146 148 50
00403:27 28 140 28
00404:48 144 144 48
00405:24 23 23 23
00406:47 147 146 49
00407:48 145 145 48
00408:47 142 143 48
00409:49 148 149 50
00410:47 141 140 46
00412:46 139 139 46
00413:46 135 139 46
00414:145 149 151 48
00416:50 153 152 50
00417:47 139 139 47
00418:45 25 141 29
00419:45 137 137 47
00421:48 144 144 48
00423:48 145 145 49
00425:50 168 162 49
00426:48 149 144 49
00429:23 24 23 24
00430:47 139 140 47
00431:48 144 150 50
00432:50 150 152 50
00433:48 143 145 49
00436:23 23 23 23
00440:49 147 147 49
00441:30 30 30 30
00442:27 138 137 69
00443:21 18 93 19
00444:26 25 140 21
00445:20 210 225 20
00446:23 22 127 23
00449:26 26 143 26
00451:28 140 139 70
00452:22 134 134 22
00454:22 135 134 22
00455:21 24 23 22
00456:25 25 144 25
00457:20 20 139 20
00459:27 18 18 18
00464:157 239 72 71
00466:272 28 249 75
00468:164 145 163 135
00469:148 28 176 272
00470:146 28 141 282
00472:148 142 142 275
00477:144 28 170 285
00478:142 134 134 277
00479:144 98 129 171
00480:151 236 233 130
00481:149 28 88 274
00483:157 28 232 284
00485:143 130 131 267
00488:152 139 135 274
00491:305 29 243 273
00493:143 27 221 274
00494:136 145 144 287
00495:176 138 139 277
00496:113 146 146 270
00498:73 29 86 74
00499:149 146 147 293
00500:155 221 222 126
00501:143 141 142 266
00502:147 259 83 88
00504:150 232 141 269
00505:145 28 136 282
00506:152 29 71 286
00507:146 27 87 68
00510:154 143 144 262
00511:153 241 92 292
00512:143 221 222 121
00513:156 239 241 131
00514:139 145 143 286
00516:141 28 138 275
00517:149 29 74 298
00518:152 139 138 267
00519:150 146 138 276
00520:144 141 141 274
00523:147 222 69 124
00524:149 131 133 261
00525:295 29 72 76
00526:160 139 139 290
00528:162 29 147 298
00529:150 238 90 71
00530:146 28 95 143
00532:73 30 89 73
00533:144 98 97 115
00537:153 146 147 284
00538:141 238 239 121
00539:112 172 139 267
00540:138 200 201 177
00542:137 144 143 283
00543:151 238 67 122
00544:145 141 141 287
00545:141 222 223 127
00547:143 247 71 86
00548:67 29 91 268
00549:150 28 68 272
00550:147 221 221 120
00551:136 145 144 292
00552:70 30 249 87
00554:269 28 263 288
00555:159 138 158 277
00556:153 186 140 290
00557:69 27 228 87
00558:153 251 234 286
00559:69 28 70 72
00561:314 67 67 133
00563:293 68 68 130
00564:286 63 63 133
00565:306 71 70 136
00567:48 96 96 71
00568:48 23 96 70
00569:21 90 91 49
00570:34 18 18 60
00571:14 14 14 15
00572:44 21 91 67
00574:47 95 95 71
00575:20 20 20 21
00576:43 88 33 66
00577:46 92 93 69
00578:23 23 28 23
00579:47 94 94 71
00581:68 22 75 67
00582:33 25 118 42
00583:23 23 23 23
00584:16 20 16 16
00586:46 92 92 69
00587:46 23 96 71
00588:45 90 90 67
00589:14 19 15 15
00590:22 93 93 23
00591:47 94 94 71
00593:47 22 93 70
00594:45 22 86 67
00596:48 23 95 72
00597:47 95 94 71
00598:48 95 96 70
00599:43 90 90 68
00601:140 141 141 290
00602:135 129 130 263
00604:146 149 150 274
00605:140 147 146 296
00606:159 140 140 289
00607:136 48 162 136
00608:139 29 192 279
00610:149 178 179 286
00611:134 140 141 263
00612:151 237 235 112
00613:143 134 132 264
00615:177 237 237 268
00616:146 150 150 276
00618:139 151 151 282
00619:140 141 139 277
00620:144 241 240 125
00621:151 143 143 278
00622:141 137 137 261
00623:151 147 146 279
00624:143 222 218 168
00625:161 148 151 302
00626:156 148 148 281
00628:148 150 150 273
00630:137 147 145 295
00631:148 142 142 289
00636:147 143 144 280
00638:141 149 149 120
00639:148 25 208 271
00640:141 150 149 289
00641:144 143 144 283
00642:143 138 138 115
00645:148 137 137 283
00646:146 138 139 302
00649:151 135 136 273
00650:129 30 153 269
00651:145 146 145 275
00652:253 120 119 209
00654:144 227 228 123
00655:153 138 138 307
00656:241 133 133 209
00657:144 145 146 282
00658:152 141 141 295
00659:146 223 226 125
00661:145 146 147 267
00663:140 147 147 304
00667:147 143 143 285
00668:304 29 230 267
00674:139 151 152 269
00675:152 150 181 283
00676:143 147 148 279
00677:151 150 150 279
00679:235 120 119 183
00680:245 145 145 163
00682:149 94 94 140
00683:153 144 182 291
00684:136 138 138 271
00685:153 141 141 273
00686:152 27 234 292
00687:138 149 149 124
00688:160 139 139 279
00690:149 142 143 271
00691:120 270 271 219
00692:159 142 192 299
00693:132 147 148 268
00694:142 137 138 267
00697:131 145 145 295
00698:157 146 146 280
00703:152 144 144 279
00704:138 26 216 266
00705:315 97 242 303
00706:130 147 146 144
00707:250 136 136 167
00708:144 28 229 117
00709:0 222 222 124
00714:144 47 171 135
00715:146 142 142 279
00716:142 145 145 278
00718:151 150 149 294
00723:139 271 271 232
00724:147 236 235 114
00725:139 136 136 274
00727:139 26 132 281
00728:147 245 245 131
00729:146 129 129 215
00730:271 20 238 283
00731:132 29 143 274
00732:143 27 129 265
00733:141 90 90 137
00734:147 147 141 27
00735:152 141 141 275
00736:142 140 140 270
00737:132 133 136 248
00739:151 143 143 279
00740:151 147 147 265
00742:146 141 138 276
00744:159 139 139 285
00746:144 142 142 271
00747:154 288 287 277
00750:146 145 144 275
00751:184 144 139 286
00753:355 25 128 267
00756:143 170 168 136
00757:143 141 141 264
00758:155 143 145 283
00759:139 143 142 291
00760:155 146 145 282
00764:153 29 145 275
00765:141 140 142 274
00767:128 133 133 67
00768:151 139 140 276
00772:148 140 141 274
00773:138 144 144 282
00774:152 138 139 265
00775:147 138 136 271
00777:276 98 97 239
00778:134 27 89 267
00780:26 26 26 24
00781:70 70 69 25
00782:24 24 24 25
00784:25 70 26 26
00787:28 28 28 28
00788:24 25 24 24
00789:24 24 24 24
00791:27 26 26 26
00792:28 28 28 28
00793:27 27 27 28
00794:25 25 25 25
00795:24 23 24 23
00796:71 70 70 25
00797:23 23 23 22
00799:28 27 27 28
00800:25 25 25 24
00801:25 26 26 26
00802:23 23 23 23
00803:24 24 24 24
00804:24 24 24 23
00805:25 25 25 25
00806:24 24 24 23
00807:27 27 27 27
00808:26 26 26 26
00809:26 26 26 27
00810:25 25 25 25
00811:25 25 25 25
00814:24 24 24 24
00816:24 24 24 24
00818:14 27 27 28
00819:27 27 27 27
00820:70 70 69 25
00823:26 24 24 24
00824:24 24 24 24
00828:28 28 77 29
00830:25 24 25 24
00834:143 142 46 47
00836:49 29 29 30
00837:46 139 139 47
00838:46 139 140 46
00839:140 141 140 47
00840:46 139 140 46
00998:28 28 28 28
00999:21 21 21 21
01000:49 150 151 49
01001:48 141 141 47
01002:21 21 21 21
01003:21 21 20 21
01004:44 134 134 44
01005:20 20 20 20
01007:114 114 114 114
01008:45 136 137 46
01009:22 22 22 22
01010:50 150 146 47
